nyc:40.502873,-74.252339,40.93372,-73.701241
sydney: -34,150.6,-33.6,151.3

